4294967294,0
4294967278,327
4294967278,308
4294967279,289
4294967278,476
4294967279,305
4294967279,2
4294967279,261
4294967278,279
4294967279,422
4294967279,485
4294967279,495
4294967279,421
4294967279,505
4294967279,489
4294967279,484
4294967279,499
4294967279,488
4294967279,439
4294967294,30
4294967294,1236
4294967294,1233
4294967294,1062
4294967294,1058
4294967294,50
4294967294,426
4294967294,11
4294967279,455
4294967279,416
4294967294,482
4294967294,1249
4294967278,346
4294967278,277
4294967278,260
4294967278,0
4294967279,304
4294967279,410
4294967278,262
4294967279,445
4294967279,303
4294967279,297
4294967279,436
4294967279,0
4294967294,7
4294967294,6
4294967279,461
4294967278,132
4294967278,128
4294967278,126
4294967278,124
4294967278,122
4294967278,121
4294967278,120
4294967278,247
4294967278,119
4294967278,118
4294967278,243
4294967278,117
4294967278,329
4294967278,116
4294967278,115
4294967278,114
4294967278,113
4294967278,462
4294967278,112
4294967278,111
4294967278,110
4294967278,109
4294967278,108
4294967278,107
4294967278,106
4294967278,105
4294967278,219
4294967278,104
4294967278,103
4294967278,102
4294967278,101
4294967278,100
4294967278,99
4294967278,98
4294967278,504
4294967278,97
4294967278,96
4294967278,95
4294967278,94
4294967278,93
4294967278,92
4294967278,91
4294967278,368
4294967278,90
4294967278,89
4294967278,330
4294967278,87
4294967278,367
4294967278,86
4294967278,85
4294967278,84
4294967278,83
4294967278,82
4294967278,81
4294967278,80
4294967278,79
4294967278,359
4294967278,78
4294967278,320
4294967278,77
4294967278,76
4294967278,75
4294967278,74
4294967278,73
4294967278,72
4294967278,71
4294967278,501
4294967278,70
4294967278,69
4294967278,68
4294967278,67
4294967278,66
4294967278,65
4294967278,64
4294967278,63
4294967278,62
4294967278,61
4294967279,174
4294967279,86
4294967279,83
4294967279,82
4294967279,260
4294967279,389
4294967279,80
4294967279,79
4294967279,77
4294967279,74
4294967279,73
4294967279,71
4294967279,65
4294967279,64
4294967279,63
4294967279,60
4294967279,58
4294967279,54
4294967279,52
4294967279,46
4294967279,43
4294967279,36
4294967279,34
4294967279,31
4294967279,30
4294967279,29
4294967279,27
4294967279,25
4294967279,24
4294967279,19
4294967279,18
4294967279,17
4294967279,13
4294967279,11
4294967279,8
4294967279,7
4294967279,6
4294967279,5
4294967294,60
4294967294,1237
4294967294,1234
4294967294,1228
4294967294,1217
4294967294,1060
4294967294,1059
4294967294,1057
4294967294,93
4294967294,95
4294967279,259
4294967294,12
4294967294,480
4294967294,27
4294967294,81
4294967294,68
4294967279,4
4294967279,502
4294967294,1166
4294967278,131
4294967278,130
4294967278,339
4294967278,451
4294967278,129
4294967278,488
4294967278,379
4294967278,127
4294967278,463
4294967278,125
4294967278,349
4294967294,22
4294967294,17
4294967294,67
4294967294,43
4294967294,394
4294967294,24
4294967294,25
4294967294,1243
4294967294,26
4294967294,83
0,5
4294967278,123
4294967278,505
552,4
4294967294,5
583,4
583,3
583,2
583,1
4294967279,229
4294967278,275
4294967279,302
582,5
582,4
582,3
582,2
582,1
580,4
580,3
580,2
580,1
579,4
579,3
579,2
579,1
578,4
578,3
578,2
578,1
577,4
577,3
577,2
577,1
4294967294,1428
576,5
576,4
576,3
576,2
576,1
4294967294,1087
575,4
575,3
575,2
575,1
4294967294,1425
574,5
574,4
574,3
574,2
574,1
573,4
573,3
573,2
573,1
572,4
572,3
572,2
572,1
4294967294,1241
4294967294,1242
571,6
571,5
571,4
571,3
571,2
571,1
570,4
570,3
570,2
570,1
4294967294,481
4294967279,301
569,5
569,4
569,3
569,2
569,1
4294967279,300
4294967279,299
4294967278,274
4294967294,470
4294967278,239
4294967293,131
4294967293,130
4294967293,129
4294967293,128
4294967293,127
4294967293,126
4294967293,125
4294967293,124
4294967293,123
4294967293,122
4294967293,121
4294967293,120
4294967293,119
4294967293,118
4294967293,117
4294967293,116
4294967293,115
4294967293,114
4294967293,113
4294967293,112
4294967293,111
4294967293,110
4294967293,109
4294967293,108
4294967293,107
4294967293,106
4294967293,105
4294967293,104
4294967293,103
4294967293,102
4294967293,101
4294967293,100
4294967293,99
4294967293,98
4294967293,97
4294967293,96
4294967293,95
4294967293,94
4294967293,93
4294967293,92
4294967293,91
4294967293,90
4294967293,89
4294967293,88
4294967293,87
4294967293,86
4294967293,85
4294967293,84
4294967293,83
4294967293,82
4294967293,81
4294967293,80
4294967293,79
4294967293,78
4294967293,77
4294967293,76
4294967293,75
4294967293,74
4294967293,73
4294967293,72
4294967293,71
4294967293,70
4294967293,69
4294967293,68
